爷爷 -1 -1 2 1 true 1576904285651
老四 -1 -1 3 1 true 1576904285651
老二 -1 -1 4 1 true 1576904285652
老三 -1 -1 5 1 true 1576904285652
老七 -1 -1 6 1 true 1576904285652
老大 -1 -1 7 1 true 1576904285653
老六 -1 -1 8 1 true 1576904285653
老五 -1 -1 9 1 true 1576904285654
蝎子精 -1 -1 2 9 true 1576904285654
蛇精 -1 -1 3 10 true 1576904285655
妖怪1 -1 -1 4 11 true 1576904285655
妖怪2 -1 -1 3 8 true 1576904285656
妖怪3 -1 -1 4 7 true 1576904285656
妖怪4 -1 -1 3 9 true 1576904285656
妖怪5 -1 -1 4 9 true 1576904285658
妖怪6 -1 -1 5 9 true 1576904285658
妖怪2 3 8 3 7 true 1576904285664
蝎子精 2 9 1 9 true 1576904285664
妖怪1 4 11 4 10 true 1576904285664
蛇精 3 10 2 10 true 1576904285664
妖怪4 3 9 3 10 true 1576904285666
妖怪5 4 9 3 9 true 1576904285669
老三 5 1 5 2 true 1576904285669
老二 4 1 4 2 true 1576904285669
妖怪6 5 9 6 9 true 1576904285670
老五 9 1 9 2 true 1576904285670
老七 6 1 6 2 true 1576904285670
老大 7 1 7 2 true 1576904285670
老六 8 1 8 2 true 1576904285670
爷爷 2 1 2 2 true 1576904285670
老四 3 1 3 2 true 1576904285670
妖怪3 4 7 4 6 true 1576904285670
蝎子精 1 9 1 8 true 1576904286667
蛇精 2 10 2 11 true 1576904286667
妖怪1 4 10 4 9 true 1576904286667
妖怪2 3 7 3 6 true 1576904286667
妖怪5 3 9 3 8 true 1576904286670
妖怪4 3 10 2 10 true 1576904286670
妖怪6 6 9 6 10 true 1576904286671
老五 9 2 9 3 true 1576904286673
老三 5 2 5 3 true 1576904286674
老二 4 2 4 3 true 1576904286674
老六 8 2 8 3 true 1576904286674
老大 7 2 7 3 true 1576904286674
老七 6 2 6 3 true 1576904286675
老四 3 2 3 3 true 1576904286675
爷爷 2 2 2 3 true 1576904286675
妖怪3 4 6 4 5 true 1576904286675
蛇精 2 11 3 11 true 1576904287667
蝎子精 1 8 1 7 true 1576904287668
妖怪1 4 9 5 9 true 1576904287669
妖怪2 3 6 3 5 true 1576904287669
妖怪4 2 10 3 10 true 1576904287671
妖怪5 3 8 2 8 true 1576904287672
妖怪6 6 10 6 11 true 1576904287673
老五 9 3 9 4 true 1576904287674
老二 4 3 4 4 true 1576904287676
老三 5 3 5 4 true 1576904287676
老六 8 3 8 4 true 1576904287676
老大 7 3 7 4 true 1576904287676
爷爷 2 3 2 4 true 1576904287677
老四 3 3 3 4 true 1576904287677
老七 6 3 6 4 true 1576904287677
妖怪3 4 5 5 5 true 1576904287677
蝎子精 1 7 1 6 true 1576904288669
蛇精 3 11 3 12 true 1576904288669
妖怪1 5 9 4 9 true 1576904288670
妖怪5 2 8 2 7 true 1576904288674
妖怪4 3 10 3 9 true 1576904288674
妖怪6 6 11 7 11 true 1576904288674
老五 9 4 9 5 true 1576904288676
老二 4 4 4 5 true 1576904288678
老六 8 4 8 5 true 1576904288678
老大 7 4 7 5 true 1576904288678
爷爷 2 4 2 5 true 1576904288679
老七 6 4 6 5 true 1576904288679
蛇精 3 12 3 11 true 1576904289670
蝎子精 1 6 1 5 true 1576904289671
妖怪1 4 9 4 8 true 1576904289671
妖怪5 2 7 2 6 true 1576904289677
妖怪6 7 11 7 10 true 1576904289677
妖怪4 3 9 3 8 true 1576904289677
老五 9 5 9 6 true 1576904289677
老大 7 5 7 6 true 1576904289680
老六 8 5 8 6 true 1576904289680
蛇精 3 11 2 11 true 1576904290670
妖怪1 4 8 4 7 true 1576904290671
老五 9 6 9 7 true 1576904290679
妖怪4 3 8 3 7 true 1576904290679
妖怪6 7 10 7 9 true 1576904290679
老六 8 6 8 7 true 1576904290681
老大 7 6 6 6 true 1576904290681
爷爷 2 5 2 5 false 1576904290687
蛇精 2 11 3 11 true 1576904291670
妖怪1 4 7 4 6 true 1576904291671
蝎子精 1 5 1 4 true 1576904291671
妖怪5 2 6 2 7 true 1576904291677
妖怪2 3 5 3 5 false 1576904291677
老四 3 4 2 4 true 1576904291681
老五 9 7 9 8 true 1576904291681
老七 6 5 7 5 true 1576904291682
妖怪6 7 9 7 8 true 1576904291682
老六 8 7 7 7 true 1576904291682
妖怪4 3 7 4 7 true 1576904291682
老大 6 6 5 6 true 1576904291682
妖怪3 5 5 5 5 false 1576904291688
蛇精 3 11 4 11 true 1576904292672
妖怪5 2 7 3 7 true 1576904292679
老三 5 4 4 4 true 1576904292679
老五 9 8 8 8 true 1576904292682
老七 7 5 6 5 true 1576904292683
妖怪4 4 7 5 7 true 1576904292683
蛇精 4 11 5 11 true 1576904293673
老三 4 4 3 4 true 1576904293680
妖怪5 3 7 4 7 true 1576904293680
老七 6 5 6 6 true 1576904293685
蛇精 5 11 6 11 true 1576904294673
妖怪1 4 6 4 6 false 1576904294679
老三 3 4 3 3 true 1576904294683
妖怪5 4 7 4 8 true 1576904294683
老二 4 5 4 4 true 1576904294683
老七 6 6 6 7 true 1576904294687
蛇精 6 11 6 10 true 1576904295674
妖怪5 4 8 5 8 true 1576904295685
老二 4 4 4 3 true 1576904295685
老三 3 3 2 3 true 1576904295685
老六 7 7 8 7 true 1576904295685
妖怪6 7 8 7 8 false 1576904295693
蛇精 6 10 6 9 true 1576904296675
老五 8 8 8 9 true 1576904296684
老二 4 3 3 3 true 1576904296688
妖怪5 5 8 6 8 true 1576904296688
老三 2 3 1 3 true 1576904296688
老六 8 7 9 7 true 1576904296688
蛇精 6 9 7 9 true 1576904297676
老大 5 6 6 6 true 1576904297687
老二 3 3 2 3 true 1576904297688
老六 9 7 9 8 true 1576904297688
妖怪4 5 7 5 7 false 1576904297693
老大 6 6 7 6 true 1576904298687
老二 2 3 2 2 true 1576904298691
老六 9 8 9 9 true 1576904298691
老大 7 6 8 6 true 1576904299688
老二 2 2 1 2 true 1576904299693
老六 9 9 9 10 true 1576904299693
蝎子精 1 4 1 4 false 1576904300683
老四 2 4 2 3 true 1576904300686
老大 8 6 9 6 true 1576904300688
老三 1 3 0 3 true 1576904300690
老二 1 2 2 2 true 1576904300694
老六 9 10 8 10 true 1576904300694
老大 9 6 9 7 true 1576904301689
老四 2 3 3 3 true 1576904301689
老三 0 3 0 4 true 1576904301692
老二 2 2 3 2 true 1576904301695
老六 8 10 7 10 true 1576904301695
老四 3 3 4 3 true 1576904302690
老大 9 7 9 8 true 1576904302690
老三 0 4 0 3 true 1576904302692
老七 6 7 7 7 true 1576904302692
老二 3 2 4 2 true 1576904302695
妖怪5 6 8 6 8 false 1576904302699
老大 9 8 9 9 true 1576904303691
老四 4 3 5 3 true 1576904303691
老三 0 3 0 2 true 1576904303692
老七 7 7 8 7 true 1576904303692
老二 4 2 4 3 true 1576904303695
蛇精 7 9 7 9 false 1576904304687
