-1 -1 -1 -1 -1 -1 -1 -1 -1 -1 -1 -1 -1 -1 -1 -1 -1 -1 -1 -1 
-1 -1 -1 -1 -1 4 -1 -1 -1 -1 -1 -1 -1 -1 -1 -1 -1 -1 -1 -1 
-1 -1 -1 -1 -1 3 -1 -1 -1 -1 -1 -1 -1 -1 -1 -1 -1 -1 -1 -1 
-1 -1 -1 -1 -1 0 -1 -1 -1 -1 -1 -1 -1 -1 -1 -1 -1 -1 -1 -1 
-1 -1 -1 -1 -1 6 -1 -1 -1 -1 9 -1 -1 -1 -1 -1 -1 16 -1 -1 
7 -1 -1 -1 -1 5 -1 -1 -1 -1 -1 10 -1 -1 -1 -1 15 -1 -1 8 
-1 -1 -1 -1 -1 1 -1 -1 -1 -1 -1 -1 11 -1 -1 14 -1 -1 -1 -1 
-1 -1 -1 -1 -1 2 -1 -1 -1 -1 -1 -1 -1 12 13 -1 -1 -1 -1 -1 
-1 -1 -1 -1 -1 -1 -1 -1 -1 -1 -1 -1 -1 -1 -1 -1 -1 -1 -1 -1 
-1 -1 -1 -1 -1 -1 -1 -1 -1 -1 -1 -1 -1 -1 -1 -1 -1 -1 -1 -1 
0
0 2 5 3 6
0 7 5 7 4
0 6 5 5 6
0 5 5 5 4
0 4 5 4 6
0 5 0 5 1
0 5 19 6 19
0 4 10 5 10
0 3 5 4 5
0 5 11 4 10
0 1 5 0 4
0 7 14 8 15
0 6 12 5 12
0 7 13 6 12
0 6 15 5 14
0 5 16 5 15
1
0 4 17 5 17
2
0 3 6 3 7
0 7 4 6 5
0 5 1 6 2
0 5 4 6 4
0 6 19 7 19
0 5 6 6 6
0 4 6 4 7
0 4 5 5 6
0 0 4 0 5
0 4 10 5 9
0 5 10 6 9
0 8 15 7 14
0 5 12 5 11
0 6 12 6 13
0 5 14 6 14
0 5 15 5 14
0 5 17 4 17
3
0 3 7 4 8
0 6 5 5 5
0 6 2 6 3
0 6 4 7 3
0 7 19 6 19
0 6 6 7 5
0 4 7 5 7
0 0 5 0 4
0 5 6 4 5
0 6 9 5 8
0 5 9 4 9
0 5 11 5 10
0 7 14 7 13
0 6 13 7 14
0 5 14 4 13
0 6 14 6 15
4
0 4 17 4 16
1 4 8 5 8
1 5 7 5 8
1 4 9 4 8
1 5 8 5 7
2 5 7 5 7
5
0 4 8 3 7
0 5 5 5 4
0 6 19 5 19
0 6 3 6 2
0 7 5 6 6
0 5 7 4 7
0 7 3 6 4
0 5 8 5 7
0 4 5 3 4
0 4 9 5 8
0 0 4 1 4
0 5 10 5 11
0 6 15 6 14
0 7 13 6 13
0 7 14 7 15
0 4 13 4 12
0 4 16 5 15
1 4 7 5 7
1 6 6 5 7
1 5 7 6 6
1 5 8 4 7
6
2 5 19 5 19
2 6 14 6 14
0 3 7 2 7
0 5 4 4 4
0 6 4 5 4
0 6 2 7 1
0 5 19 5 18
0 4 7 3 6
0 6 6 6 7
0 3 4 4 5
0 5 7 5 6
0 1 4 1 5
0 5 8 4 7
0 5 11 4 11
0 4 12 3 12
0 6 13 5 13
0 6 14 5 14
0 7 15 8 15
7
0 5 15 4 14
1 6 7 5 6
1 3 6 4 7
1 4 7 3 6
1 4 5 5 6
1 5 6 6 7
2 2 7 2 7
2 4 5 4 5
2 5 14 5 14
2 4 14 4 14
8
0 2 7 1 7
0 4 4 5 5
0 3 6 2 5
0 5 4 5 3
0 7 1 6 2
0 6 7 5 7
0 5 18 5 17
0 5 6 6 6
0 4 5 5 6
0 1 5 1 6
0 4 7 4 6
0 4 11 4 10
0 5 13 4 13
0 8 15 9 16
0 3 12 2 13
0 5 14 5 15
0 4 14 3 14
1 5 5 6 6
1 5 7 6 6
1 6 6 5 5
1 5 6 6 6
1 4 6 5 5
9
0 1 7 2 7
0 5 5 5 4
0 5 17 5 16
0 6 2 6 3
0 5 3 6 2
0 2 5 3 5
0 5 7 5 8
0 1 6 0 5
0 6 6 6 5
0 5 6 4 7
0 4 6 5 5
0 4 10 3 11
0 2 13 2 12
0 4 13 4 12
0 9 16 8 15
0 5 15 4 15
0 3 14 2 15
10
1 5 4 6 5
1 6 5 5 4
1 5 5 5 4
2 5 8 5 8
2 6 2 6 2
2 4 15 4 15
11
0 2 7 3 8
0 5 4 4 4
0 3 5 3 4
0 6 2 6 1
0 6 3 5 4
0 5 8 5 9
0 5 16 6 16
0 0 5 0 6
0 6 5 7 4
0 4 7 4 6
0 5 5 4 5
0 3 11 4 11
0 2 12 3 11
0 8 15 8 16
0 4 15 5 16
0 4 12 3 12
0 2 15 2 14
1 4 4 4 5
1 3 4 4 5
1 5 4 4 5
1 4 6 4 5
1 4 5 5 4
12
2 3 8 3 8
2 5 4 5 4
0 3 8 4 9
0 4 4 3 5
0 5 9 6 9
0 6 16 7 17
0 6 1 5 2
0 3 4 4 4
0 5 4 6 4
0 0 6 1 6
0 4 6 5 7
0 7 4 6 5
0 4 5 4 6
0 4 11 5 11
0 8 16 8 15
0 5 16 4 16
0 3 12 4 11
0 3 11 3 10
0 2 14 3 14
13
1 4 9 3 10
1 3 5 4 6
1 6 4 6 5
1 5 7 4 6
1 6 5 6 4
1 4 6 5 7
1 3 10 4 9
14
0 4 9 4 8
0 3 5 4 5
0 7 17 7 16
0 4 4 5 4
0 5 2 4 2
0 6 4 6 3
0 6 9 5 10
0 6 5 7 5
0 1 6 2 7
0 5 7 5 6
0 4 6 5 5
0 5 11 4 10
0 4 16 5 16
0 3 10 2 11
0 8 15 9 16
0 4 11 3 11
0 3 14 4 14
1 4 5 5 5
1 5 4 5 5
1 5 10 4 10
1 5 6 5 5
1 4 10 5 10
15
2 4 10 4 10
0 4 8 4 9
0 4 5 4 4
0 7 16 6 16
0 6 3 6 4
0 4 2 5 2
0 5 10 6 9
0 5 4 6 3
0 7 5 7 4
0 2 7 3 7
0 5 6 5 7
0 4 10 5 9
0 5 16 4 16
0 3 11 3 10
0 2 11 1 12
0 9 16 9 15
0 4 14 5 13
16
1 4 9 5 9
1 6 9 5 9
1 6 4 7 4
1 6 3 7 4
1 7 4 6 3
1 5 9 6 9
1 3 10 4 9
2 7 4 7 4
2 4 16 4 16
17
0 4 9 4 10
0 4 4 3 3
0 6 9 6 10
0 6 3 5 4
0 6 4 6 5
0 5 2 5 3
0 6 16 5 15
0 7 4 7 3
0 5 7 4 7
0 3 7 3 8
0 5 9 4 9
0 3 10 3 9
0 1 12 1 11
0 4 16 4 15
0 9 15 8 15
0 5 13 5 14
1 4 10 4 9
1 3 8 4 9
1 4 9 4 10
1 3 9 4 10
18
2 3 3 3 3
2 4 9 4 9
2 1 11 1 11
0 4 10 3 10
0 3 3 4 3
0 6 10 5 10
0 5 4 4 4
0 5 15 5 16
0 5 3 5 2
0 6 5 7 5
0 7 3 6 4
0 3 8 4 8
0 4 7 3 6
0 4 9 5 8
0 8 15 7 14
0 1 11 1 10
0 4 15 5 15
0 3 9 2 10
0 5 14 4 13
19
1 3 10 2 10
1 7 5 6 4
1 6 4 7 5
1 4 8 5 8
1 5 8 4 8
1 2 10 3 10
2 3 6 3 6
20
0 3 10 4 10
0 4 3 3 3
0 5 10 6 10
0 4 4 4 5
0 5 2 6 2
0 7 5 7 6
0 5 16 4 16
0 5 8 5 7
0 3 6 4 7
0 6 4 6 5
0 4 8 4 9
0 7 14 6 13
0 2 10 3 10
0 1 10 2 10
0 5 15 6 15
0 4 13 5 13
1 4 10 3 10
1 7 6 6 5
1 6 5 7 6
1 4 9 3 10
1 4 7 5 7
1 5 7 4 7
1 3 10 4 9
21
2 4 5 4 5
2 2 10 2 10
2 6 15 6 15
0 4 10 3 9
0 3 3 3 4
0 6 10 5 10
0 6 2 6 3
0 4 5 5 6
0 4 16 4 17
0 7 6 6 7
0 4 9 4 8
0 4 7 5 8
0 2 10 1 10
0 6 13 6 12
0 6 15 7 15
0 3 10 3 11
0 5 13 4 13
22
2 6 7 6 7
23
0 3 9 3 10
0 3 4 4 5
0 5 10 5 11
0 4 17 5 16
0 6 7 6 8
0 5 6 4 7
0 6 3 5 3
0 4 8 4 9
0 5 8 5 9
0 7 15 8 15
0 3 11 2 11
0 1 10 1 9
0 6 12 7 13
0 4 13 3 13
1 3 10 2 11
1 2 11 3 10
24
2 4 9 4 9
0 3 10 3 11
0 4 5 4 4
0 5 11 5 12
0 4 7 4 6
0 5 16 4 16
0 6 8 7 8
0 5 3 5 4
0 5 9 6 8
0 4 9 4 8
0 1 9 2 9
0 2 11 1 11
0 8 15 8 14
0 7 13 7 14
0 3 13 2 13
25
2 4 4 4 4
26
0 3 11 2 10
0 4 4 5 3
0 5 12 4 12
0 4 16 4 17
0 7 8 7 7
0 4 6 3 7
0 5 4 6 4
0 6 8 7 8
0 4 8 3 8
0 1 11 2 11
0 2 9 2 8
0 7 14 7 13
0 8 14 9 14
0 2 13 2 12
1 2 10 2 11
1 3 7 2 8
1 3 8 2 8
1 2 11 2 10
1 2 8 3 7
27
2 5 3 5 3
2 4 17 4 17
0 2 10 1 9
0 5 3 5 4
0 7 7 6 8
0 4 12 4 13
0 3 7 4 7
0 6 4 7 4
0 4 17 4 16
0 7 8 7 7
0 3 8 4 9
0 7 13 7 12
0 2 11 3 11
0 2 8 3 7
0 9 14 8 13
0 2 12 3 12
28
1 4 7 3 7
1 4 13 3 12
1 3 7 4 7
1 3 12 4 13
29
0 1 9 1 10
0 5 4 4 5
0 6 8 5 8
0 4 7 4 8
0 4 13 3 13
0 4 16 5 15
0 7 4 7 5
0 4 9 3 9
0 7 7 6 8
0 7 12 6 12
0 3 7 2 7
0 8 13 9 14
0 3 11 4 10
0 3 12 3 11
1 3 9 4 10
1 4 10 3 9
30
2 4 5 4 5
2 2 7 2 7
0 1 10 2 10
0 5 8 5 9
0 4 5 4 6
0 4 8 5 8
0 3 13 4 13
0 5 15 6 16
0 7 5 8 4
0 3 9 3 10
0 6 8 6 7
0 2 7 3 8
0 4 10 5 10
0 6 12 5 11
0 9 14 8 13
0 3 11 2 12
31
1 5 9 5 10
1 5 10 5 9
2 5 8 5 8
2 8 13 8 13
32
0 2 10 3 11
0 4 6 5 6
0 4 13 3 14
0 5 8 6 8
0 5 9 4 9
0 8 4 9 3
0 6 16 5 16
0 3 10 4 11
0 6 7 7 7
0 5 11 6 11
0 5 10 6 10
0 8 13 8 14
0 3 8 4 8
0 2 12 1 13
1 4 9 4 8
1 4 8 4 9
33
0 3 11 2 11
0 5 6 6 6
0 6 8 5 8
0 3 14 4 13
0 5 16 4 15
0 9 3 8 3
0 4 11 4 12
0 7 7 6 8
0 8 14 7 13
0 6 10 5 10
0 4 8 3 9
0 6 11 6 10
0 1 13 1 14
34
2 8 3 8 3
2 5 10 5 10
35
0 2 11 1 11
0 6 6 6 7
0 4 13 3 12
0 8 3 9 2
0 5 8 5 9
0 4 15 3 15
0 4 12 4 11
0 6 8 5 8
0 6 10 6 9
0 5 10 4 10
0 3 9 3 10
0 7 13 6 12
0 1 14 2 14
1 5 9 6 9
1 5 8 6 9
1 4 11 4 10
1 6 9 5 8
1 4 10 5 9
1 3 10 4 11
36
0 1 11 0 12
0 6 7 7 7
0 3 15 3 16
0 3 12 3 11
0 5 9 5 10
0 9 2 9 1
0 4 11 5 11
0 5 8 4 8
0 3 10 2 10
0 4 10 4 11
0 6 9 7 9
0 6 12 6 13
0 2 14 2 13
37
1 3 11 4 11
1 2 10 3 11
2 5 11 5 11
2 6 13 6 13
38
0 0 12 1 13
0 7 7 6 8
0 3 16 4 16
0 5 10 6 10
0 9 1 8 2
0 5 11 4 12
0 4 8 3 9
0 7 9 8 9
0 6 13 6 12
0 2 10 2 9
0 2 13 1 14
1 1 13 1 14
1 3 9 2 9
1 2 9 3 9
1 1 14 1 13
39
2 4 16 4 16
0 6 8 6 7
0 4 16 4 17
0 6 10 5 9
0 8 2 8 3
0 3 9 4 10
0 4 12 4 13
0 8 9 7 9
0 2 9 3 9
0 6 12 7 13
0 1 14 2 13
40
1 4 10 3 9
1 3 9 4 10
2 5 9 5 9
41
0 6 7 6 8
0 5 9 5 8
0 8 3 7 3
0 4 17 4 16
0 4 13 3 14
0 4 10 5 10
0 7 13 6 13
0 7 9 7 8
0 2 13 1 14
1 6 8 7 8
1 7 8 6 8
42
2 5 8 5 8
2 3 14 3 14
2 6 13 6 13
2 1 14 1 14
0 6 8 6 9
0 4 16 3 16
0 5 8 4 8
0 7 3 6 4
0 3 14 4 13
0 5 10 5 11
0 6 13 6 12
0 7 8 7 9
0 1 14 2 13
43
1 6 9 7 9
1 5 11 6 12
1 6 12 5 11
1 7 9 6 9
2 6 9 6 9
2 6 4 6 4
2 6 12 6 12
0 6 9 7 8
44
0 7 9 6 9
0 6 12 5 12
0 4 13 3 14
0 5 11 6 10
0 6 4 5 4
0 3 16 4 16
0 4 8 5 8
0 2 13 3 12
1 7 8 6 9
1 6 9 7 8
1 5 8 6 9
1 6 10 6 9
2 7 8 7 8
45
0 7 8 7 9
0 4 16 4 15
0 5 4 4 5
0 5 8 5 9
0 3 14 3 13
0 6 10 5 10
0 5 12 5 13
0 3 12 2 13
1 3 13 2 13
46
1 2 13 3 13
2 3 13 3 13
0 7 9 7 10
0 3 13 4 13
0 4 15 5 14
0 5 10 5 11
0 4 5 5 6
47
0 5 9 5 10
0 5 13 5 12
0 2 13 3 12
1 5 14 4 13
1 4 13 5 12
1 5 11 5 12
1 5 12 5 11
1 3 12 4 13
48
0 7 10 6 10
0 5 6 4 6
0 5 14 6 14
0 5 11 4 12
0 4 13 5 13
0 5 12 5 11
0 5 10 4 10
0 3 12 2 13
1 6 10 5 11
1 4 12 5 11
1 6 14 5 13
49
1 4 10 5 11
0 6 10 7 10
0 6 14 6 13
0 4 6 4 7
0 4 12 4 13
0 4 10 3 10
50
0 2 13 3 12
1 4 13 3 12
2 6 13 6 13
51
0 7 10 7 9
0 4 13 3 13
0 4 7 5 8
0 6 13 6 14
52
2 5 8 5 8
0 7 9 7 8
0 3 13 4 13
0 5 8 4 8
0 6 14 5 14
53
1 5 14 4 13
54
0 7 8 7 9
0 5 14 5 15
0 4 8 3 7
55
2 5 15 5 15
0 7 9 8 9
0 5 15 5 14
0 3 7 4 8
56
2 8 9 8 9
57
0 8 9 7 10
0 4 8 5 9
0 5 14 6 13
58
0 7 10 6 10
0 5 9 5 10
0 6 13 7 13
59
60
0 6 10 6 11
0 7 13 7 12
0 5 10 6 10
1 6 11 7 12
1 7 12 6 11
61
0 6 11 7 11
0 7 12 6 12
0 6 10 5 10
62
1 7 11 6 12
1 6 12 7 11
63
0 7 11 7 10
0 5 10 6 10
0 6 12 6 13
64
0 7 10 7 11
0 6 10 5 9
0 6 13 5 12
65
66
0 7 11 6 12
0 5 9 4 8
0 5 12 4 12
67
0 6 12 6 11
0 4 8 3 7
0 4 12 4 12
68
2 3 7 3 7
69
0 6 11 6 12
0 3 7 4 8
0 4 12 4 12
70
0 6 12 5 12
0 4 12 4 12
0 4 8 3 7
71
1 5 12 4 12
1 4 12 5 12
72
0 5 12 6 12
0 4 12 5 12
0 3 7 3 6
1 6 12 5 12
1 5 12 6 12
73
0 6 12 6 11
0 3 6 4 7
0 5 12 6 13
74
75
0 6 11 7 12
0 4 7 4 8
0 6 13 5 12
76
0 7 12 6 11
0 5 12 4 12
0 4 8 3 8
77
78
0 6 11 6 12
0 4 12 5 12
0 3 8 2 8
1 6 12 5 12
1 5 12 6 12
79
2 6 12 6 12
0 6 12 6 11
0 5 12 4 12
0 2 8 1 8
80
81
0 6 11 6 12
0 4 12 5 12
0 1 8 1 9
1 6 12 5 12
1 5 12 6 12
82
0 6 12 6 13
0 5 12 4 12
0 1 9 2 9
83
0 6 13 6 12
84
0 4 12 5 12
0 2 9 2 10
1 6 12 5 12
1 5 12 6 12
85
0 6 12 7 12
0 5 12 4 12
0 2 10 2 11
86
2 2 11 2 11
0 7 12 6 11
0 4 12 5 12
87
0 2 11 1 10
1 6 11 5 12
calabashBrothers win