0 7 0 1
0 10 2 13
0 11 4 12
0 2 6 2
0 5 14 2
0 1 4 3
0 3 8 3
0 0 2 2
0 16 14 13
0 8 0 11
0 15 13 13
0 6 14 0
0 14 7 12
0 12 6 11
0 15 13 12
0 9 0 13
0 8 0 10
0 3 8 4
0 2 7 2
0 10 2 12
0 7 0 3
0 5 13 2
0 14 8 12
0 4 9 1
0 15 13 11
0 0 2 3
0 12 7 11
0 8 0 9
0 2 7 3
0 1 4 4
0 6 13 0
0 16 13 13
0 10 2 11
0 13 8 10
0 11 4 11
0 2 7 4
0 0 2 4
0 4 8 1
0 14 8 11
0 12 5 11
0 15 13 10
0 10 2 10
0 8 0 8
0 3 8 5
0 11 4 10
0 5 13 3
0 1 4 5
0 0 2 5
0 2 8 4
0 12 4 11
0 6 13 1
0 16 13 12
0 13 8 9
0 9 1 13
0 8 1 8
0 15 13 9
0 14 8 10
0 7 1 3
0 12 3 11
0 5 13 4
0 0 1 5
0 2 8 3
0 16 13 11
0 6 9 1
0 1 4 6
0 15 13 8
0 11 4 9
0 3 8 8
1 13
0 10 1 10
0 7 1 4
0 9 1 12
0 4 8 2
0 8 1 7
0 14 8 11
0 5 13 5
0 4 8 1
0 3 8 4
0 2 8 2
0 5 13 6
0 9 1 11
0 16 13 10
0 1 4 7
0 7 1 3
0 15 13 7
0 14 8 10
0 12 4 11
0 8 3 7
1 15
0 3 8 5
0 9 1 12
0 6 9 2
0 10 0 10
1 8
0 0 0 5
0 4 8 0
0 11 4 8
0 14 8 11
0 16 13 9
0 2 8 3
0 5 13 5
0 9 0 12
1 1
0 6 8 2
0 16 13 8
0 9 0 11
0 12 4 14
0 14 8 10
0 11 3 8
0 5 14 5
0 6 8 1
0 0 0 6
0 7 2 3
0 14 8 11
0 9 0 12
0 6 8 2
0 16 14 8
0 11 2 8
0 12 3 14
0 4 8 1
0 0 0 7
0 9 0 11
0 7 2 4
0 14 8 10
0 3 8 6
0 5 14 7
1 16
0 4 8 0
0 12 2 14
0 11 0 8
0 9 0 12
1 11
0 3 8 7
0 7 1 4
0 6 12 2
0 5 14 4
0 12 1 14
0 9 0 11
0 0 0 6
0 10 0 9
0 5 11 4
0 7 0 4
0 6 12 0
0 3 8 8
0 10 0 10
0 4 8 1
0 2 8 4
0 9 0 14
0 14 8 11
0 12 1 13
0 2 8 7
0 7 0 5
0 4 13 1
0 9 0 13
0 5 10 4
0 10 0 9
0 12 1 12
0 6 11 0
0 2 8 6
0 0 0 7
0 7 0 6
0 5 13 4
0 9 0 12
0 10 0 11
0 12 1 11
0 14 8 10
0 2 8 7
0 4 13 0
0 6 10 0
0 7 0 5
0 4 12 0
0 5 12 4
0 10 0 10
0 6 9 0
0 7 4 5
0 9 0 11
0 12 3 11
0 4 11 0
0 6 8 0
0 5 11 4
0 7 3 5
0 10 0 9
0 0 0 6
0 14 12 10
0 12 3 10
0 7 3 6
0 6 9 0
0 5 12 4
0 2 9 7
0 7 3 5
0 12 3 9
0 6 10 0
0 7 3 6
0 0 0 2
0 10 1 9
0 9 1 11
0 4 12 0
0 6 11 0
0 5 12 5
0 9 2 11
0 12 3 8
0 3 7 8
0 7 3 5
0 2 10 7
0 14 9 10
0 5 11 5
0 6 10 0
0 7 3 0
0 10 2 9
0 4 11 0
0 12 4 8
0 3 6 8
0 0 1 2
0 6 9 0
0 4 10 0
0 10 3 9
0 14 9 14
0 2 9 7
0 12 5 8
0 14 9 13
0 6 8 0
0 0 2 2
0 10 4 9
0 7 4 0
1 3
0 4 9 0
0 2 12 7
0 12 5 7
0 0 3 2
0 9 3 11
0 7 5 0
0 6 7 0
0 2 12 3
0 12 5 6
0 4 8 0
0 9 3 10
0 14 6 13
0 7 5 1
0 12 5 5
0 0 4 2
0 10 4 8
0 9 4 10
0 5 10 5
0 6 6 0
0 2 12 5
0 14 7 13
0 12 4 5
0 7 4 1
0 0 4 4
0 9 4 9
0 6 5 0
0 2 11 5
1 12
0 7 4 2
0 14 8 13
0 5 9 5
0 2 10 5
0 6 4 0
0 0 4 3
0 4 7 0
0 2 10 6
0 5 8 5
0 7 7 2
0 2 9 6
0 14 9 13
0 6 0 0
0 4 6 0
0 9 4 10
0 0 4 4
0 10 4 9
0 9 4 11
0 6 1 0
0 0 4 3
0 7 6 2
0 5 7 5
0 14 9 12
0 2 5 6
0 9 5 11
0 4 5 0
0 7 6 0
0 10 5 9
0 0 5 3
0 7 6 1
0 9 5 10
0 6 2 0
0 5 6 5
0 7 5 1
0 14 9 9
0 9 5 11
0 6 3 0
0 14 9 8
0 10 5 8
0 5 5 5
0 2 5 7
0 0 5 4
0 6 4 0
0 14 12 8
1 10
0 2 5 6
0 6 4 1
0 9 5 10
0 7 5 2
0 14 7 8
0 5 6 5
0 0 6 4
0 4 6 0
0 6 4 0
0 5 7 5
0 9 5 9
0 7 5 3
0 4 7 0
0 14 7 7
0 2 6 6
0 14 6 7
0 5 6 5
0 7 6 3
1 2
0 4 6 0
0 6 5 0
0 9 7 9
0 4 6 1
0 7 6 2
0 6 5 1
0 0 6 3
0 4 6 0
0 7 6 1
0 4 2 0
0 7 6 2
0 0 11 3
0 6 5 4
0 6 6 4
0 9 6 9
0 4 3 0
0 6 6 3
0 7 6 1
0 0 11 0
0 5 6 4
0 9 6 10
0 5 6 5
0 6 7 3
0 4 5 0
0 0 10 0
0 9 6 9
0 7 6 2
0 9 6 10
0 6 6 3
0 0 9 0
0 5 6 4
0 7 6 1
0 4 6 0
0 9 10 10
0 4 1 0
0 6 6 2
0 9 9 10
0 5 6 5
0 7 6 0
0 4 2 0
0 6 6 3
0 9 8 10
0 7 6 1
0 5 6 4
0 9 7 10
0 4 3 0
0 4 4 0
0 5 6 5
0 0 8 0
0 9 6 10
0 6 6 4
0 7 6 2
0 4 5 0
0 0 7 0
0 6 6 3
0 7 6 1
0 0 6 0
0 9 6 9
0 5 6 4
0 6 6 2
0 5 6 5
0 4 5 1
0 9 6 10
0 5 6 4
0 9 6 9
0 6 6 3
0 4 2 1
0 5 6 5
0 7 5 1
0 9 6 10
0 5 6 4
0 6 6 2
0 7 6 1
0 4 0 1
0 5 6 5
