-1 -1 -1 -1 -1 -1 -1 -1 -1 -1 -1 -1 -1 -1 -1 -1 -1 -1 -1 -1 
-1 -1 -1 -1 -1 -1 -1 -1 -1 -1 -1 -1 -1 -1 -1 -1 -1 -1 -1 -1 
-1 -1 -1 -1 -1 -1 -1 -1 -1 -1 -1 -1 -1 -1 -1 -1 -1 9 -1 -1 
-1 -1 -1 -1 -1 -1 -1 0 -1 -1 -1 -1 -1 -1 -1 -1 10 -1 -1 -1 
-1 4 -1 -1 -1 -1 3 -1 -1 -1 -1 -1 -1 -1 -1 11 -1 -1 -1 -1 
7 -1 1 -1 -1 6 -1 -1 -1 -1 -1 -1 -1 -1 12 -1 -1 -1 -1 8 
-1 -1 -1 5 2 -1 -1 -1 -1 -1 -1 -1 -1 13 -1 -1 -1 -1 -1 -1 
-1 -1 -1 -1 -1 -1 -1 -1 -1 -1 -1 -1 14 -1 -1 -1 -1 -1 -1 -1 
-1 -1 -1 -1 -1 -1 -1 -1 -1 -1 -1 15 -1 -1 -1 -1 -1 -1 -1 -1 
-1 -1 -1 -1 -1 -1 -1 -1 -1 -1 16 -1 -1 -1 -1 -1 -1 -1 -1 -1 
0
0 6 3 5 3
0 4 1 4 0
0 4 6 5 6
0 6 4 7 3
0 5 2 6 2
0 3 7 4 8
0 5 0 6 1
0 5 5 4 5
1
0 5 14 6 15
0 2 17 1 17
0 7 12 8 12
0 8 11 7 11
0 9 10 8 10
0 5 19 6 19
0 3 16 2 17
0 4 15 4 14
0 6 13 5 12
2 6 2 6 2
2
2 7 11 7 11
0 4 0 3 0
0 6 2 6 3
0 7 3 6 4
0 5 3 4 2
0 5 6 5 7
0 4 5 4 6
0 4 8 5 8
0 6 1 5 2
0 2 17 3 16
0 5 12 5 13
0 4 14 4 15
0 7 11 7 10
0 6 15 6 14
0 1 17 2 16
0 8 10 9 11
0 8 12 7 12
0 6 19 5 19
3
2 4 2 4 2
2 3 16 3 16
2 5 19 5 19
0 4 2 4 3
0 5 8 4 7
0 4 6 5 6
0 5 2 5 3
0 5 7 5 8
0 6 4 5 5
0 3 0 4 1
0 6 3 5 4
0 3 16 2 17
4
0 5 19 5 18
0 7 12 7 11
0 9 11 9 10
0 6 14 5 14
0 4 15 5 15
0 7 10 6 10
0 2 16 3 16
0 5 13 4 12
2 5 4 5 4
5
2 7 11 7 11
0 4 3 3 2
0 5 3 4 4
0 5 6 6 6
0 5 8 6 8
0 4 1 4 2
0 4 7 4 8
0 5 5 6 4
0 5 4 5 5
0 2 17 2 16
0 7 11 7 10
0 6 10 5 9
0 3 16 4 16
0 9 10 8 9
0 5 18 4 17
0 5 15 4 15
0 5 14 4 13
0 4 12 5 12
1 6 8 5 9
1 4 8 5 9
1 5 9 6 8
6
2 3 2 3 2
2 7 10 7 10
0 4 4 5 4
0 3 2 3 1
0 6 6 5 6
0 4 2 5 3
0 4 8 4 9
0 6 8 6 9
0 5 5 4 6
0 6 4 5 5
0 2 16 3 15
0 5 9 5 8
0 7 10 7 9
7
0 4 13 3 14
0 4 17 3 18
0 4 15 5 15
0 4 16 5 16
0 5 12 5 11
0 8 9 8 10
1 4 9 5 8
1 6 9 7 9
1 5 8 6 9
1 7 9 6 9
8
0 4 9 4 10
0 4 6 4 7
0 3 1 2 1
0 6 9 7 8
0 5 3 4 4
0 5 6 5 7
0 5 4 5 3
0 5 5 5 4
0 3 15 2 15
0 5 8 4 8
0 7 9 7 10
0 5 11 6 11
0 5 16 4 16
0 5 15 5 16
0 8 10 8 9
0 3 14 3 13
0 3 18 3 17
1 4 7 4 8
1 7 8 8 9
1 5 7 4 8
1 4 8 5 7
9
1 8 9 7 8
2 4 10 4 10
2 4 8 4 8
0 2 1 1 1
0 4 7 4 6
0 4 10 3 11
0 4 4 3 4
0 7 8 6 9
0 5 7 5 8
0 5 4 6 3
0 5 3 4 4
0 2 15 3 15
0 4 8 4 7
0 7 10 7 11
10
0 4 16 3 16
0 5 16 4 16
0 6 11 7 12
0 3 13 3 12
0 8 9 7 8
0 3 17 4 17
1 3 11 3 12
1 4 6 4 7
1 6 9 7 8
1 5 8 4 7
1 4 7 5 8
1 3 12 3 11
1 7 8 6 9
2 6 9 6 9
11
2 3 12 3 12
0 4 6 3 6
0 3 11 2 11
0 1 1 1 2
0 6 9 6 10
0 3 4 3 3
0 6 3 5 3
0 5 8 4 9
0 4 4 3 5
0 3 15 4 15
0 4 7 4 8
0 7 11 7 10
0 4 16 5 17
0 7 8 6 8
0 4 17 4 16
0 3 16 2 16
0 7 12 6 12
0 3 12 4 12
1 6 10 7 10
1 4 9 4 8
1 4 8 4 9
1 7 10 6 10
12
2 1 2 1 2
2 5 3 5 3
2 6 12 6 12
0 3 6 4 6
0 2 11 2 12
0 1 2 0 1
0 6 10 7 9
0 3 5 4 5
0 3 3 3 2
0 5 3 5 2
0 4 9 3 8
0 4 15 4 14
0 4 8 4 7
0 7 10 6 9
13
0 2 16 1 16
0 6 12 5 11
0 6 8 6 7
0 5 17 6 17
0 4 16 3 15
0 4 12 3 11
1 4 6 4 7
1 2 12 3 11
1 7 9 6 9
1 6 9 7 9
1 3 11 2 12
14
0 2 12 2 11
0 0 1 0 2
0 4 6 3 6
0 4 5 5 6
0 7 9 7 10
0 3 8 4 8
0 5 2 4 2
0 3 2 4 3
0 4 14 5 15
0 6 9 5 8
0 3 15 2 15
0 5 11 5 10
0 6 17 6 18
0 3 11 4 10
0 1 16 2 16
0 6 7 7 7
1 4 8 5 8
1 5 8 4 8
15
2 3 6 3 6
2 4 8 4 8
2 5 15 5 15
0 0 2 0 3
0 4 2 3 2
0 7 10 7 11
0 4 3 3 3
0 2 11 3 11
0 4 8 5 9
0 3 6 3 7
0 5 6 5 5
0 5 15 5 14
0 5 8 4 8
16
0 4 10 3 9
0 2 15 3 14
0 6 18 5 18
0 2 16 2 15
0 7 7 6 7
0 5 10 5 11
1 3 7 4 8
1 5 9 4 8
1 4 8 5 9
2 5 9 5 9
17
0 5 5 6 4
0 3 2 4 2
0 3 3 2 2
0 0 3 1 4
0 3 11 4 11
0 7 11 6 12
0 5 9 5 10
0 3 7 2 7
0 5 14 4 14
0 5 18 5 17
0 5 11 6 11
0 2 15 2 14
0 6 7 5 6
0 3 14 4 13
0 3 9 3 8
1 6 12 6 11
1 5 10 6 11
1 2 7 3 8
1 6 11 6 12
18
1 3 8 2 7
2 4 14 4 14
0 2 2 3 2
0 4 2 4 3
0 6 4 5 5
0 4 11 3 11
0 5 10 6 10
0 6 12 6 13
0 1 4 2 5
0 2 7 1 6
0 4 14 3 13
0 5 17 5 16
0 6 11 5 10
0 2 14 2 13
0 4 13 5 13
19
0 5 6 4 6
0 3 8 3 9
1 5 5 4 6
1 6 10 5 10
1 6 13 5 13
1 5 10 6 10
1 5 13 6 13
1 4 6 5 5
2 5 16 5 16
2 5 13 5 13
20
2 4 6 4 6
0 5 5 4 5
0 4 3 4 2
0 3 2 4 3
0 2 5 2 4
0 6 10 7 9
0 3 11 3 10
0 1 6 1 5
0 3 13 4 13
0 5 16 5 15
0 2 13 2 12
0 5 10 5 9
0 5 13 5 14
0 3 9 2 10
0 4 6 5 6
1 4 5 5 6
1 3 10 2 10
21
1 2 10 3 10
1 5 6 4 5
2 2 12 2 12
0 4 2 3 1
0 4 5 4 6
0 4 3 4 4
0 7 9 6 9
0 3 10 4 11
0 2 4 3 5
0 1 5 2 6
0 4 13 3 12
0 5 15 4 15
0 5 9 5 8
0 2 12 2 11
0 5 14 6 15
22
0 2 10 1 11
0 5 6 6 6
1 4 11 3 12
1 6 9 5 8
1 3 12 4 11
1 5 8 6 9
23
0 4 6 3 6
0 3 1 4 2
0 4 4 3 4
0 6 9 6 8
0 3 5 2 5
0 4 11 4 10
0 2 6 2 7
0 3 12 3 11
0 4 15 5 15
0 2 11 2 12
0 5 8 5 7
0 6 15 5 14
0 6 6 6 5
0 1 11 2 10
1 4 10 3 11
1 6 8 5 7
1 3 11 4 10
1 5 7 6 8
24
2 2 7 2 7
2 3 11 3 11
2 5 15 5 15
0 3 4 3 5
0 4 2 3 1
0 3 6 4 6
0 2 5 1 5
0 4 10 4 9
0 2 7 2 6
0 3 11 3 10
0 5 15 4 15
0 2 12 3 11
0 5 7 5 8
0 5 14 6 14
0 6 5 5 5
0 2 10 1 10
25
1 4 6 5 5
1 4 9 5 8
1 3 10 4 9
1 5 8 4 9
1 5 5 4 6
2 4 6 4 6
2 3 5 3 5
2 1 5 1 5
2 3 10 3 10
26
0 4 6 3 7
0 3 1 3 2
0 3 5 4 5
0 1 5 0 4
0 4 9 3 9
0 2 6 1 5
0 3 10 4 11
0 4 15 3 15
0 5 8 5 7
0 3 11 4 12
0 6 14 5 13
0 5 5 5 6
0 1 10 2 9
1 4 5 5 6
1 3 9 2 9
1 5 6 4 5
1 2 9 3 9
27
0 3 2 4 3
0 3 7 2 6
0 4 5 5 5
0 3 9 4 9
0 0 4 0 5
0 1 5 1 6
0 4 11 3 11
0 3 15 4 16
0 5 7 4 6
0 4 12 4 11
0 5 13 5 12
0 5 6 6 7
0 2 9 1 9
28
1 5 5 4 6
1 4 6 5 5
2 2 6 2 6
29
0 5 5 5 6
0 4 3 4 4
0 2 6 2 5
0 0 5 1 5
0 4 9 5 10
0 1 6 2 7
0 3 11 2 10
0 4 16 3 15
0 4 6 3 6
0 4 11 3 11
0 5 12 4 11
0 6 7 5 7
0 1 9 2 9
1 2 5 3 6
1 5 6 5 7
1 5 10 4 11
1 4 11 5 10
30
0 2 5 3 5
0 5 6 6 5
0 4 4 4 3
0 1 5 1 6
0 5 10 5 11
0 2 7 3 7
0 2 10 3 9
0 3 15 3 14
0 3 11 2 12
0 4 11 4 10
0 2 9 2 8
31
1 5 11 4 10
1 3 7 2 8
1 4 10 5 11
2 3 5 3 5
2 1 6 1 6
2 3 9 3 9
32
0 4 3 4 4
0 3 5 2 5
0 1 6 0 6
0 6 5 6 6
0 3 7 2 7
0 3 9 2 9
0 3 14 4 15
0 2 12 1 12
0 4 10 3 9
33
2 2 7 2 7
0 6 6 7 6
0 4 4 3 5
0 0 6 0 7
0 2 5 2 6
0 2 7 3 8
0 2 9 2 10
0 4 15 3 14
0 1 12 0 13
0 3 9 3 10
34
2 2 10 2 10
35
0 2 6 2 7
0 3 5 4 4
0 7 6 6 7
0 0 7 1 8
0 3 8 3 9
0 2 10 1 10
0 3 14 4 14
0 0 13 1 13
0 3 10 2 10
1 3 9 2 10
36
0 4 4 3 5
0 1 8 1 7
0 2 7 1 8
0 6 7 5 8
0 3 9 3 8
0 1 10 0 11
0 4 14 3 14
0 1 13 2 13
37
2 3 8 3 8
38
0 5 8 4 9
0 1 7 0 6
0 3 5 3 4
0 1 8 0 8
0 3 8 3 9
0 0 11 1 11
0 3 14 4 14
0 2 13 2 14
39
0 0 8 1 8
0 0 6 1 6
0 3 4 3 5
0 4 9 5 9
0 3 9 3 8
0 1 11 0 12
0 4 14 3 14
0 2 14 2 15
40
2 5 9 5 9
2 3 5 3 5
0 1 8 2 9
0 1 6 2 7
41
0 3 5 2 6
0 5 9 5 10
0 3 8 3 9
0 0 12 0 11
0 3 14 2 13
0 2 15 3 14
42
0 2 9 3 8
0 2 7 1 7
0 2 6 1 6
0 0 11 1 11
0 3 9 2 9
0 5 10 4 11
0 2 13 1 12
0 3 14 4 15
43
2 4 15 4 15
0 3 8 3 9
0 1 7 2 7
44
0 1 6 1 7
0 2 9 1 9
0 4 11 3 11
0 1 11 2 11
0 1 12 1 11
0 4 15 3 15
1 3 11 2 11
1 2 11 3 11
45
2 1 9 1 9
2 3 15 3 15
0 2 7 1 8
0 3 9 3 10
0 2 11 1 10
0 3 11 4 12
0 1 9 2 9
0 1 7 0 6
0 1 11 0 11
0 3 15 3 14
1 1 10 2 9
46
1 2 9 1 10
2 4 12 4 12
0 1 8 1 7
0 3 10 3 11
0 1 10 1 11
47
0 4 12 4 11
0 0 6 0 7
0 2 9 1 10
0 0 11 0 10
0 3 14 3 13
1 1 11 1 10
1 1 10 1 11
1 0 10 1 10
2 1 7 1 7
48
2 3 13 3 13
0 1 7 1 8
0 3 11 3 10
0 1 11 0 11
0 4 11 3 11
0 1 10 1 9
0 0 7 0 8
0 0 10 1 10
0 3 13 2 12
49
1 3 11 2 12
1 1 9 1 10
1 1 10 1 9
1 2 12 3 11
2 1 8 1 8
0 1 8 0 9
0 3 10 2 11
0 0 11 1 11
50
0 1 9 2 9
0 0 8 0 7
0 3 11 3 10
0 1 10 1 9
0 2 12 3 12
1 0 9 1 9
1 2 11 3 12
1 1 11 2 11
1 2 9 1 9
1 1 9 2 9
1 3 12 2 11
2 2 9 2 9
51
0 0 9 1 10
0 2 11 3 11
0 1 11 2 11
0 2 9 3 9
0 0 7 1 8
0 3 10 2 9
0 1 9 0 9
0 3 12 2 12
1 3 11 2 11
1 1 10 2 11
52
1 1 8 0 9
1 0 9 1 8
1 2 12 3 11
0 1 10 0 10
0 3 11 4 11
0 3 9 3 8
53
0 1 8 0 8
0 2 9 1 8
0 0 9 1 9
0 2 12 1 11
1 0 10 1 9
1 0 8 1 9
1 1 8 1 9
1 1 11 0 10
54
0 0 10 1 10
0 4 11 3 11
0 3 8 2 9
0 1 8 1 7
0 0 8 1 8
0 1 11 0 12
55
0 3 11 3 12
0 1 10 0 11
0 2 9 1 10
0 1 7 1 6
0 1 8 0 9
56
0 0 12 1 12
1 0 11 1 12
1 1 12 0 11
57
0 3 12 3 11
0 0 11 1 11
0 1 10 0 10
0 0 9 0 8
0 1 6 2 6
0 1 12 2 12
1 1 11 2 12
1 3 11 2 12
58
1 2 12 3 11
0 1 11 1 10
0 3 11 3 12
0 0 10 1 11
0 0 8 0 7
0 2 6 1 5
59
0 2 12 1 12
1 1 11 1 12
1 1 12 1 11
2 1 10 1 10
60
0 1 10 0 9
0 3 12 3 11
0 0 7 0 6
0 1 5 2 5
0 1 12 1 13
61
2 3 11 3 11
0 0 9 1 10
0 3 11 2 12
0 0 6 1 7
0 2 5 1 5
0 1 13 1 14
62
2 1 7 1 7
63
0 2 12 2 13
0 1 10 0 9
0 1 5 0 4
0 1 7 2 7
0 1 14 1 15
64
2 0 9 0 9
0 0 9 1 10
0 2 13 1 13
0 2 7 1 8
0 0 4 1 4
0 1 15 0 15
65
66
0 1 10 2 9
0 1 13 0 14
0 1 8 2 7
0 1 4 0 5
0 0 15 1 14
1 0 14 1 14
calabashBrothers win